4.483979195356369019e-02
-2.300073355436325073e-01
5.234041437506675720e-02
-3.853545337915420532e-02
-1.319889873266220093e-01
2.385527789592742920e-01
-2.463677972555160522e-01
2.075097411870956421e-01
-1.046794578433036804e-01
1.215084120631217957e-01
4.044716805219650269e-02
4.293730854988098145e-02
1.831041425466537476e-01
4.876707866787910461e-02
-4.165200889110565186e-02
3.494527563452720642e-02
2.266367226839065552e-01
2.028716951608657837e-01
-1.027950495481491089e-01
5.300981178879737854e-02
-2.488263137638568878e-02
1.041519939899444580e-01
1.785351783037185669e-01
1.592113524675369263e-01
1.495113968849182129e-01
2.123746573925018311e-01
8.869688957929611206e-02
-2.073170244693756104e-01
4.760561883449554443e-02
1.360225528478622437e-01
1.827047765254974365e-01
1.455298066139221191e-01
-1.161176189780235291e-01
-2.062062770128250122e-01
1.734408438205718994e-01
-1.488433629274368286e-01
1.733593270182609558e-02
1.486424952745437622e-01
3.082007914781570435e-02
1.992773264646530151e-03
-2.076154053211212158e-01
8.735620975494384766e-02
2.061951458454132080e-01
1.968535184860229492e-01
1.819431409239768982e-02
-2.051207423210144043e-01
-1.288840025663375854e-01
-1.316094100475311279e-01
5.333778634667396545e-02
-1.394449174404144287e-01
-1.074818447232246399e-01
1.689315885305404663e-01
-3.302695229649543762e-03
-1.370746046304702759e-01
-9.648469276726245880e-03
2.152092903852462769e-01
-2.940488234162330627e-02
-7.654720544815063477e-02
-1.404255628585815430e-01
-2.517159283161163330e-01
1.372705101966857910e-01
1.364833265542984009e-01
-1.634765565395355225e-01
-8.874745666980743408e-02
1.693580150604248047e-01
-1.080842539668083191e-01
2.149579860270023346e-02
-3.747751191258430481e-02
2.128826528787612915e-01
1.552943438291549683e-01
-3.913427516818046570e-02
-1.775365620851516724e-01
1.544292569160461426e-01
2.485366314649581909e-01
2.170860469341278076e-01
1.669004857540130615e-01
-7.745966315269470215e-02
8.774675428867340088e-02
1.469848304986953735e-01
-1.947407796978950500e-02
-4.612096399068832397e-02
-9.513802081346511841e-02
4.030143842101097107e-02
6.374096870422363281e-02
5.612358450889587402e-02
-1.236831918358802795e-01
-2.194633940234780312e-03
-1.664717346429824829e-01
-6.382799893617630005e-02
-8.134984970092773438e-02
-2.342344671487808228e-01
-1.102591976523399353e-01
2.813404798507690430e-01
-2.038503438234329224e-01
8.767273277044296265e-03
1.698795855045318604e-01
7.167915254831314087e-02
1.927618980407714844e-01
5.350924283266067505e-02
-1.804961413145065308e-01
1.005731597542762756e-01
-9.252032637596130371e-02
-4.934037104249000549e-02
1.528373509645462036e-01
2.729845046997070312e-01
-2.152112573385238647e-01
-1.334762275218963623e-01
1.746592819690704346e-01
-7.276636362075805664e-02
1.873048208653926849e-02
-1.061382144689559937e-01
-2.642326056957244873e-02
8.929144591093063354e-02
2.575085684657096863e-02
1.797365993261337280e-01
3.330597653985023499e-02
1.679312437772750854e-01
-3.863316401839256287e-02
-1.911001652479171753e-01
1.999600678682327271e-01
7.454271614551544189e-02
7.736870646476745605e-02
-1.585733592510223389e-01
3.251554444432258606e-02
-1.281547695398330688e-01
2.983564510941505432e-02
1.475441157817840576e-01
2.939699031412601471e-02
